name_id  -  1
1		67	95	129	
2		68	96		134
3	35	69	97		
4	36	70	98		
5	37	71	99		135
6	38	72	100		
7	39	73	101		
8	40	74	102		
9	41	75	103		
10	42		104		
11	43	76	105	130	
12	44		106		
13	45	77	107		
14	46	78	108		
15	47	79	109		
16	48	80	110	131	
17	49	81	111		
18	50		112		
19	51	82	113		
20	52	83	114		
21	53	84	115	132	
22	54		116		
23	55		117		
24	56	85	118		
25	57	86	119		
26	58	87	120		136
27	59	88	121		137
28	60	89	122		
29	61	90	123		
30	62	91	124		
31	63		125		
32	64	92	126		
33	65	93	127		
34	66	94	128	133	138
code_id -2-	
35
36
37
38
39
40
41
42
43
44
45
46
47
48
49
50
51
52
53
54
55
56
57
58
59
60
61
62
63
64
65
66
time_id -3-
67
68
69
70
71
72
73
74
75
76
77
78
79
80
81
82
83
84
85
86
87
88
89
90
91
92
93
94
location_id -4-
95
96
97
98
99
100
101
102
103
104
105
106
107
108
109
110
111
112
113
114
115
116
117
118
119
120
121
122
123
124
125
126
127
128
scope_id -5-
129
130
131
132
133
web_id -6-
134
135
136
137
138